0:(0,0,0,0,0,0,0,0)
1:(0,0,0,0,1,0,3,0)
2:(0,0,0,0,1,1,0,3)
3:(0,0,0,0,1,1,3,0)
4:(0,0,0,0,1,2,0,3)
5:(0,0,0,0,1,2,3,0)
6:(0,0,0,0,1,3,0,3)
7:(0,0,0,0,1,3,3,0)
8:(0,0,0,0,1,4,0,3)
9:(0,0,0,0,1,4,3,0)
10:(0,0,0,0,1,5,0,3)
11:(0,0,0,0,1,5,3,0)
12:(0,0,1,0,0,0,2,0)
13:(0,0,1,0,1,1,2,3)
14:(0,0,1,0,1,2,2,3)
15:(0,0,1,0,1,3,2,3)
16:(0,0,1,0,1,4,2,3)
17:(0,0,1,0,1,5,2,3)
18:(0,0,1,1,0,0,0,2)
19:(0,0,1,1,0,0,2,0)
20:(0,0,1,1,1,0,3,2)
21:(0,0,1,1,1,1,2,3)
22:(0,0,1,1,1,1,3,2)
23:(0,0,1,1,1,2,2,3)
24:(0,0,1,1,1,2,3,2)
25:(0,0,1,1,1,3,2,3)
26:(0,0,1,1,1,3,3,2)
27:(0,0,1,1,1,4,2,3)
28:(0,0,1,1,1,4,3,2)
29:(0,0,1,1,1,5,2,3)
30:(0,0,1,1,1,5,3,2)
31:(0,0,1,2,0,0,0,2)
32:(0,0,1,2,0,0,2,0)
33:(0,0,1,2,1,0,3,2)
34:(0,0,1,2,1,1,2,3)
35:(0,0,1,2,1,1,3,2)
36:(0,0,1,2,1,2,2,3)
37:(0,0,1,2,1,2,3,2)
38:(0,0,1,2,1,3,2,3)
39:(0,0,1,2,1,3,3,2)
40:(0,0,1,2,1,4,2,3)
41:(0,0,1,2,1,4,3,2)
42:(0,0,1,2,1,5,2,3)
43:(0,0,1,2,1,5,3,2)
44:(0,0,1,3,0,0,0,2)
45:(0,0,1,3,0,0,2,0)
46:(0,0,1,3,1,0,3,2)
47:(0,0,1,3,1,1,2,3)
48:(0,0,1,3,1,1,3,2)
49:(0,0,1,3,1,2,2,3)
50:(0,0,1,3,1,2,3,2)
51:(0,0,1,3,1,3,2,3)
52:(0,0,1,3,1,3,3,2)
53:(0,0,1,3,1,4,2,3)
54:(0,0,1,3,1,4,3,2)
55:(0,0,1,3,1,5,2,3)
56:(0,0,1,3,1,5,3,2)
57:(0,0,1,4,0,0,0,2)
58:(0,0,1,4,0,0,2,0)
59:(0,0,1,4,1,0,3,2)
60:(0,0,1,4,1,1,2,3)
61:(0,0,1,4,1,1,3,2)
62:(0,0,1,4,1,2,2,3)
63:(0,0,1,4,1,2,3,2)
64:(0,0,1,4,1,3,2,3)
65:(0,0,1,4,1,3,3,2)
66:(0,0,1,4,1,4,2,3)
67:(0,0,1,4,1,4,3,2)
68:(0,0,1,4,1,5,2,3)
69:(0,0,1,4,1,5,3,2)
70:(0,0,1,5,0,0,0,2)
71:(0,0,1,5,0,0,2,0)
72:(0,0,1,5,1,0,3,2)
73:(0,0,1,5,1,1,2,3)
74:(0,0,1,5,1,1,3,2)
75:(0,0,1,5,1,2,2,3)
76:(0,0,1,5,1,2,3,2)
77:(0,0,1,5,1,3,2,3)
78:(0,0,1,5,1,3,3,2)
79:(0,0,1,5,1,4,2,3)
80:(0,0,1,5,1,4,3,2)
81:(0,0,1,5,1,5,2,3)
82:(0,0,1,5,1,5,3,2)
83:(1,0,0,0,0,0,1,0)
84:(1,0,0,0,1,1,1,3)
85:(1,0,0,0,1,2,1,3)
86:(1,0,0,0,1,3,1,3)
87:(1,0,0,0,1,4,1,3)
88:(1,0,0,0,1,5,1,3)
89:(1,0,1,1,0,0,1,2)
90:(1,0,1,2,0,0,1,2)
91:(1,0,1,3,0,0,1,2)
92:(1,0,1,4,0,0,1,2)
93:(1,0,1,5,0,0,1,2)
94:(1,1,0,0,0,0,0,1)
95:(1,1,0,0,0,0,1,0)
96:(1,1,0,0,1,0,3,1)
97:(1,1,0,0,1,1,1,3)
98:(1,1,0,0,1,1,3,1)
99:(1,1,0,0,1,2,1,3)
100:(1,1,0,0,1,2,3,1)
101:(1,1,0,0,1,3,1,3)
102:(1,1,0,0,1,3,3,1)
103:(1,1,0,0,1,4,1,3)
104:(1,1,0,0,1,4,3,1)
105:(1,1,0,0,1,5,1,3)
106:(1,1,0,0,1,5,3,1)
107:(1,1,1,0,0,0,2,1)
108:(1,1,1,1,0,0,1,2)
109:(1,1,1,1,0,0,2,1)
110:(1,1,1,2,0,0,1,2)
111:(1,1,1,2,0,0,2,1)
112:(1,1,1,3,0,0,1,2)
113:(1,1,1,3,0,0,2,1)
114:(1,1,1,4,0,0,1,2)
115:(1,1,1,4,0,0,2,1)
116:(1,1,1,5,0,0,1,2)
117:(1,1,1,5,0,0,2,1)
118:(1,2,0,0,0,0,0,1)
119:(1,2,0,0,0,0,1,0)
120:(1,2,0,0,1,0,3,1)
121:(1,2,0,0,1,1,1,3)
122:(1,2,0,0,1,1,3,1)
123:(1,2,0,0,1,2,1,3)
124:(1,2,0,0,1,2,3,1)
125:(1,2,0,0,1,3,1,3)
126:(1,2,0,0,1,3,3,1)
127:(1,2,0,0,1,4,1,3)
128:(1,2,0,0,1,4,3,1)
129:(1,2,0,0,1,5,1,3)
130:(1,2,0,0,1,5,3,1)
131:(1,2,1,0,0,0,2,1)
132:(1,2,1,1,0,0,1,2)
133:(1,2,1,1,0,0,2,1)
134:(1,2,1,2,0,0,1,2)
135:(1,2,1,2,0,0,2,1)
136:(1,2,1,3,0,0,1,2)
137:(1,2,1,3,0,0,2,1)
138:(1,2,1,4,0,0,1,2)
139:(1,2,1,4,0,0,2,1)
140:(1,2,1,5,0,0,1,2)
141:(1,2,1,5,0,0,2,1)
142:(1,3,0,0,0,0,0,1)
143:(1,3,0,0,0,0,1,0)
144:(1,3,0,0,1,0,3,1)
145:(1,3,0,0,1,1,1,3)
146:(1,3,0,0,1,1,3,1)
147:(1,3,0,0,1,2,1,3)
148:(1,3,0,0,1,2,3,1)
149:(1,3,0,0,1,3,1,3)
150:(1,3,0,0,1,3,3,1)
151:(1,3,0,0,1,4,1,3)
152:(1,3,0,0,1,4,3,1)
153:(1,3,0,0,1,5,1,3)
154:(1,3,0,0,1,5,3,1)
155:(1,3,1,0,0,0,2,1)
156:(1,3,1,1,0,0,1,2)
157:(1,3,1,1,0,0,2,1)
158:(1,3,1,2,0,0,1,2)
159:(1,3,1,2,0,0,2,1)
160:(1,3,1,3,0,0,1,2)
161:(1,3,1,3,0,0,2,1)
162:(1,3,1,4,0,0,1,2)
163:(1,3,1,4,0,0,2,1)
164:(1,3,1,5,0,0,1,2)
165:(1,3,1,5,0,0,2,1)
166:(1,4,0,0,0,0,0,1)
167:(1,4,0,0,0,0,1,0)
168:(1,4,0,0,1,0,3,1)
169:(1,4,0,0,1,1,1,3)
170:(1,4,0,0,1,1,3,1)
171:(1,4,0,0,1,2,1,3)
172:(1,4,0,0,1,2,3,1)
173:(1,4,0,0,1,3,1,3)
174:(1,4,0,0,1,3,3,1)
175:(1,4,0,0,1,4,1,3)
176:(1,4,0,0,1,4,3,1)
177:(1,4,0,0,1,5,1,3)
178:(1,4,0,0,1,5,3,1)
179:(1,4,1,0,0,0,2,1)
180:(1,4,1,1,0,0,1,2)
181:(1,4,1,1,0,0,2,1)
182:(1,4,1,2,0,0,1,2)
183:(1,4,1,2,0,0,2,1)
184:(1,4,1,3,0,0,1,2)
185:(1,4,1,3,0,0,2,1)
186:(1,4,1,4,0,0,1,2)
187:(1,4,1,4,0,0,2,1)
188:(1,4,1,5,0,0,1,2)
189:(1,4,1,5,0,0,2,1)
190:(1,5,0,0,0,0,0,1)
191:(1,5,0,0,0,0,1,0)
192:(1,5,0,0,1,0,3,1)
193:(1,5,0,0,1,1,1,3)
194:(1,5,0,0,1,1,3,1)
195:(1,5,0,0,1,2,1,3)
196:(1,5,0,0,1,2,3,1)
197:(1,5,0,0,1,3,1,3)
198:(1,5,0,0,1,3,3,1)
199:(1,5,0,0,1,4,1,3)
200:(1,5,0,0,1,4,3,1)
201:(1,5,0,0,1,5,1,3)
202:(1,5,0,0,1,5,3,1)
203:(1,5,1,0,0,0,2,1)
204:(1,5,1,1,0,0,1,2)
205:(1,5,1,1,0,0,2,1)
206:(1,5,1,2,0,0,1,2)
207:(1,5,1,2,0,0,2,1)
208:(1,5,1,3,0,0,1,2)
209:(1,5,1,3,0,0,2,1)
210:(1,5,1,4,0,0,1,2)
211:(1,5,1,4,0,0,2,1)
212:(1,5,1,5,0,0,1,2)
213:(1,5,1,5,0,0,2,1)